
0 0.000001 50 
5 0.000008 50 
10 0.000027 50 
15 0.000027 50 
20 0.000035 50 
25 0.000083 50 
30 0.000063 50 
35 0.000054 37 
40 0.000279 37 
45 0.000088 37 
50 0.000073 37 
55 0.000106 37 
60 0.000125 37 
65 0.000098 37 
70 0.000107 25 
75 0.000113 25 
80 0.000111 25 
85 0.000095 25 
90 0.000100 25 
95 0.000173 12 
100 0.000150 12 
105 0.000334 12 
110 0.000194 12 
115 0.000164 12 
120 0.000188 12 
125 0.000225 0 
130 0.000162 0 
135 0.000146 0 
140 0.000227 0 
145 0.000224 0 
150 0.000240 0 
