
0 0.000001 50 
10 0.000023 43 
20 0.000062 43 
30 0.000237 43 
40 0.000109 37 
50 0.000186 37 
60 0.000207 43 
70 0.000249 43 
80 0.000729 43 
90 0.000614 43 
100 0.000482 43 
110 0.000657 43 
120 0.000487 43 
130 0.000403 43 
140 0.000457 43 
150 0.000433 43 
160 0.000603 43 
170 0.000536 50 
180 0.000498 50 
190 0.000598 50 
200 0.000581 50 
210 0.000585 50 
220 0.000795 50 
230 0.000717 50 
240 0.000642 50 
250 0.000713 50 
260 0.000972 50 
270 0.000958 50 
280 0.000932 50 
290 0.001223 56 
300 0.000867 56 
310 0.000605 56 
320 0.000677 56 
330 0.000656 56 
340 0.000704 56 
350 0.000757 56 
360 0.000898 56 
370 0.000831 62 
380 0.001922 62 
390 0.001058 62 
400 0.001091 62 
410 0.001592 62 
420 0.001138 62 
430 0.001290 62 
440 0.001169 62 
450 0.001097 62 
460 0.001317 56 
470 0.001189 56 
480 0.001248 56 
490 0.001249 50 
500 0.001520 50 
510 0.001491 50 
520 0.001368 50 
530 0.001313 43 
540 0.001622 43 
550 0.001309 43 
560 0.001319 43 
570 0.001504 43 
580 0.001803 37 
590 0.001616 37 
600 0.001999 37 
610 0.001568 31 
620 0.001938 31 
630 0.002027 37 
640 0.001914 37 
650 0.001727 31 
660 0.002062 31 
670 0.002020 31 
680 0.001910 31 
690 0.001563 31 
700 0.003639 31 
710 0.002174 25 
720 0.001941 25 
730 0.002108 25 
740 0.003709 25 
750 0.002350 25 
760 0.001775 25 
770 0.002875 25 
780 0.002115 25 
790 0.002819 25 
800 0.001809 25 
810 0.001848 25 
820 0.002803 25 
830 0.002612 18 
840 0.002559 18 
850 0.002333 25 
860 0.001770 25 
870 0.001753 25 
880 0.002739 18 
890 0.002531 18 
900 0.002075 18 
910 0.002085 18 
920 0.003170 18 
930 0.004386 18 
940 0.001949 18 
950 0.002859 18 
960 0.002279 18 
970 0.001928 18 
980 0.003086 18 
990 0.002542 18 
1000 0.002074 18 
1010 0.002091 18 
1020 0.003932 18 
1030 0.002612 18 
1040 0.002148 18 
1050 0.002769 18 
1060 0.002664 18 
1070 0.002219 18 
1080 0.003328 12 
1090 0.002358 12 
1100 0.002215 12 
1110 0.002448 12 
1120 0.003563 12 
1130 0.002259 12 
1140 0.002253 12 
1150 0.002609 12 
1160 0.002682 12 
1170 0.002301 12 
1180 0.002850 12 
1190 0.002679 12 
1200 0.002299 12 
1210 0.003769 12 
1220 0.002769 12 
1230 0.003181 12 
1240 0.002672 12 
1250 0.002672 12 
1260 0.002488 12 
1270 0.002545 12 
1280 0.003575 12 
1290 0.003291 12 
1300 0.003532 12 
1310 0.003011 12 
1320 0.002826 12 
1330 0.003392 12 
1340 0.002881 12 
1350 0.005825 12 
1360 0.003251 6 
1370 0.003230 6 
1380 0.003532 12 
1390 0.003302 12 
1400 0.002953 6 
1410 0.004081 6 
1420 0.003052 6 
1430 0.003636 6 
1440 0.003102 6 
1450 0.003117 6 
1460 0.003803 6 
1470 0.003397 6 
1480 0.005023 6 
1490 0.003040 6 
1500 0.003924 6 
1510 0.004535 6 
1520 0.003092 6 
1530 0.003814 6 
1540 0.006175 6 
1550 0.004112 6 
1560 0.004521 6 
1570 0.005240 6 
1580 0.004741 6 
1590 0.003574 6 
1600 0.003912 6 
